var similarity_matrix = [[1.0000000000000002, 0.0, 0.005499207965299533, 0.0, 0.0, 0.0, 0.0, 0.003338392910390288, 0.015045674378272996, 0.0, 0.009985677008769688, 0.0, 0.02740032666290832, 0.009188554790445417, 0.009421649106999571, 0.0, 0.0043696245962227724, 0.013184411546801583, 0.015605846460201784, 0.0], [0.0, 0.9999999999999999, 0.001073698191509917, 0.0034828638893230693, 0.013207139121017593, 0.02661781434375763, 0.00559900809293477, 0.035034667146911294, 0.0, 0.0, 0.050883255229648275, 0.005974880867855485, 0.0037077844986942586, 0.012956870981692119, 0.003744775853244826, 0.006341737085542918, 0.011730834380516798, 0.003796949744725575, 0.02937177592872947, 0.008605727074468798], [0.005499207965299533, 0.001073698191509917, 1.0, 0.014745599905951711, 0.006559274066013889, 0.05376437691189626, 0.03288643484950397, 0.045043625156575035, 0.031965291371520266, 0.031243176793589286, 0.0, 0.029948887553541092, 0.014316287357855844, 0.0037223880674961997, 0.03861298931153709, 0.006630734646023963, 0.0, 0.0012650104168269846, 0.057060827978815856, 0.01422485606205244], [0.0, 0.0034828638893230693, 0.014745599905951711, 0.9999999999999999, 0.036317312854234556, 0.014266195730119726, 0.005230870698264139, 0.008392107298014255, 0.008988100714681898, 0.0, 0.020429463530628474, 0.0, 0.02773361747710051, 0.0013036100720272093, 0.031192380676083153, 0.0, 0.0184120045977143, 0.012310328363844136, 0.020195745107961533, 0.0], [0.0, 0.013207139121017593, 0.006559274066013889, 0.036317312854234556, 1.0, 0.0, 0.0037033563393568283, 0.015368833587448736, 0.003886047804802548, 0.0015605838470657432, 0.0, 0.008811429776093801, 0.007084834829621605, 0.033430611084419505, 0.0, 0.0031236533127200925, 0.001975052554995258, 0.011521314154229531, 0.0, 0.0], [0.0, 0.02661781434375763, 0.05376437691189626, 0.014266195730119726, 0.0, 1.0, 0.012504074816744025, 0.022289796177259024, 0.0, 0.006668807996651127, 0.0, 0.0, 0.0065984989950763255, 0.0, 0.011746827398167238, 0.0, 0.0, 0.019492298654498978, 0.04948360424794785, 0.015669937712519736], [0.0, 0.00559900809293477, 0.03288643484950397, 0.005230870698264139, 0.0037033563393568283, 0.012504074816744025, 0.9999999999999999, 0.038178742207067615, 0.0344132604422774, 0.012215801351124373, 0.0019465710876027558, 0.0009073307206659643, 0.01047110009127183, 0.0036324896781613114, 0.0017958077537949865, 0.004610300764063857, 0.017143233928251317, 0.08563070747625162, 0.017954448532500417, 0.007446468180921668], [0.003338392910390288, 0.035034667146911294, 0.045043625156575035, 0.008392107298014255, 0.015368833587448736, 0.022289796177259024, 0.038178742207067615, 0.9999999999999999, 0.0025038843779218996, 0.03217682714269103, 0.0, 0.004753205175209261, 0.009481046431708924, 0.010175448666789757, 0.004311835973945964, 0.015564518442333865, 0.0, 0.003583753980121305, 0.0, 0.0], [0.015045674378272996, 0.0, 0.031965291371520266, 0.008988100714681898, 0.003886047804802548, 0.0, 0.0344132604422774, 0.0025038843779218996, 0.9999999999999999, 0.012106288375330159, 0.021636408586923613, 0.0, 0.026316107916861165, 0.005241067146559705, 0.022814667613643286, 0.0, 0.0, 0.033357756168045344, 0.028611743451476507, 0.005075638761123603], [0.0, 0.0, 0.031243176793589286, 0.0, 0.0015605838470657432, 0.006668807996651127, 0.012215801351124373, 0.03217682714269103, 0.012106288375330159, 1.0000000000000004, 0.0, 0.0, 0.009682968225434643, 0.006027213296625309, 0.008999899293029821, 0.01573641798684589, 0.0, 0.0, 0.006224973047892635, 0.0020517172826207707], [0.009985677008769688, 0.050883255229648275, 0.0, 0.020429463530628474, 0.0, 0.0, 0.0019465710876027558, 0.0, 0.021636408586923613, 0.0, 0.9999999999999999, 0.0, 0.0, 0.022782400401549094, 0.0, 0.01605379657673367, 0.006459500562135886, 0.002645094114297068, 0.0, 0.00021154832317476832], [0.0, 0.005974880867855485, 0.029948887553541092, 0.0, 0.008811429776093801, 0.0, 0.0009073307206659643, 0.004753205175209261, 0.0, 0.0, 0.0, 1.0, 0.01300419872600057, 0.0, 0.0, 0.0, 0.024885893065306797, 0.011951487878342371, 0.028158185075541815, 0.011727113717487133], [0.02740032666290832, 0.0037077844986942586, 0.014316287357855844, 0.02773361747710051, 0.007084834829621605, 0.0065984989950763255, 0.01047110009127183, 0.009481046431708924, 0.026316107916861165, 0.009682968225434643, 0.0, 0.01300419872600057, 0.9999999999999998, 0.01894341792104617, 0.0, 0.003794493912012147, 0.04419249036136708, 0.0, 0.025687345629692934, 0.007460039584048006], [0.009188554790445417, 0.012956870981692119, 0.0037223880674961997, 0.0013036100720272093, 0.033430611084419505, 0.0, 0.0036324896781613114, 0.010175448666789757, 0.005241067146559705, 0.006027213296625309, 0.022782400401549094, 0.0, 0.01894341792104617, 1.0000000000000002, 0.00626558463100226, 0.007615929611542772, 0.012453803727873723, 0.018287327456569108, 0.019434079684351614, 0.004885273868278862], [0.009421649106999571, 0.003744775853244826, 0.03861298931153709, 0.031192380676083153, 0.0, 0.011746827398167238, 0.0017958077537949865, 0.004311835973945964, 0.022814667613643286, 0.008999899293029821, 0.0, 0.0, 0.0, 0.00626558463100226, 1.0, 0.0, 0.005746378745226123, 0.03888772016962051, 0.00858419928914081, 0.0], [0.0, 0.006341737085542918, 0.006630734646023963, 0.0, 0.0031236533127200925, 0.0, 0.004610300764063857, 0.015564518442333865, 0.0, 0.01573641798684589, 0.01605379657673367, 0.0, 0.003794493912012147, 0.007615929611542772, 0.0, 1.0000000000000002, 0.004847228123117085, 0.024990491465757235, 0.00813705202696288, 0.03220943087207736], [0.0043696245962227724, 0.011730834380516798, 0.0, 0.0184120045977143, 0.001975052554995258, 0.0, 0.017143233928251317, 0.0, 0.0, 0.0, 0.006459500562135886, 0.024885893065306797, 0.04419249036136708, 0.012453803727873723, 0.005746378745226123, 0.004847228123117085, 1.0000000000000002, 0.01688680028123676, 0.010289941800223393, 0.009707640028007617], [0.013184411546801583, 0.003796949744725575, 0.0012650104168269846, 0.012310328363844136, 0.011521314154229531, 0.019492298654498978, 0.08563070747625162, 0.003583753980121305, 0.033357756168045344, 0.0, 0.002645094114297068, 0.011951487878342371, 0.0, 0.018287327456569108, 0.03888772016962051, 0.024990491465757235, 0.01688680028123676, 0.9999999999999998, 0.06222478097007735, 0.0], [0.015605846460201784, 0.02937177592872947, 0.057060827978815856, 0.020195745107961533, 0.0, 0.04948360424794785, 0.017954448532500417, 0.0, 0.028611743451476507, 0.006224973047892635, 0.0, 0.028158185075541815, 0.025687345629692934, 0.019434079684351614, 0.00858419928914081, 0.00813705202696288, 0.010289941800223393, 0.06222478097007735, 0.9999999999999998, 0.03800555667579497], [0.0, 0.008605727074468798, 0.01422485606205244, 0.0, 0.0, 0.015669937712519736, 0.007446468180921668, 0.0, 0.005075638761123603, 0.0020517172826207707, 0.00021154832317476832, 0.011727113717487133, 0.007460039584048006, 0.004885273868278862, 0.0, 0.03220943087207736, 0.009707640028007617, 0.0, 0.03800555667579497, 1.0]];
var topics = ['drink', 'waiting time for food', 'sushi', 'environment', 'flavor/taste', 'price', 'buffet', 'fast food/take away', 'vegetable', 'delivery', 'size/amount of dish', 'visit with family', 'dinner', 'service', 'visit with friends', 'dumpling/roll', 'seefood', 'dimsum', 'business hours', 'healthiness'];
