var similarity_matrix = [[0.9999999999999998, 0.004811390133377515, 0.027777288984954362, 0.005853877479835387, 0.005603633961859012, 0.00851247619673283, 0.00833290987714033, 0.008062519176636126, 0.01940758607919058, 0.0, 0.029727443733350168, 0.0022884312189322856, 0.0013442489193222363, 0.005746920776984738, 0.0007030737229804179, 0.017371683099046024, 0.004469647292628476, 0.0019794297710914116, 0.0051741293251412, 0.003486579461571986, 0.008555460031916779, 0.01591714945486501, 0.001693052111259447, 0.004152297266289437, 0.053189501473307935, 0.02221239367402925, 0.000279758999412088, 0.007844233362177752, 0.02039151379005498, 0.010966548087256974, 0.002058350472589416, 0.005878824765015064, 0.009736229941527091, 0.01298736654817018, 0.01146756058610505, 0.0016442155940151295, 0.0, 0.0, 0.007520581072275071, 0.0030772732053156344, 0.03827155086418419, 0.009098992797445084, 0.042265807658064404, 0.03324603840182009, 0.010041278362977947, 0.017014849158023534, 0.007982701589789488, 0.004411521619209385, 0.0031915673223428882, 0.00898332358748118], [0.004811390133377515, 0.9999999999999998, 0.012958069588144468, 0.00890473664382144, 0.02296973916273268, 0.005419167578191707, 0.02227748949282794, 0.006326039385565958, 0.03558341587967761, 0.0, 0.03899757380394559, 0.21961896356938096, 0.005437554832661588, 0.0012936135466865741, 0.2032133084138968, 0.030471037967276363, 0.0, 0.004076904482172053, 0.08359302969246224, 0.003141724244700671, 0.04024116677583418, 0.05033858362147882, 0.0026014655120032764, 0.006929491264941481, 0.028431728294782455, 0.01946279759637216, 0.0022407842307298146, 0.00974504818861513, 0.0008784123912653548, 0.014116934616680508, 0.003521293785767571, 0.018162357198340185, 0.0007812891447969699, 0.0031781281779125086, 0.0261121152087355, 0.03461740581932736, 0.016031032055837013, 0.0, 0.001639117275026149, 0.010140899450412397, 0.01891810979544929, 0.01058993290117346, 0.023967166302976184, 0.008536145445428921, 0.0015319538302892206, 0.0013961909558089824, 0.02589798321758179, 0.005900083115376186, 0.022459343585434378, 0.010437237261478454], [0.027777288984954362, 0.012958069588144468, 1.0000000000000002, 0.0034996012890780243, 0.052762486759915184, 0.007786141295943208, 0.011946019014092474, 0.006145481062121755, 0.006961417982653573, 0.0, 0.03200914003678637, 0.012459337557449377, 0.3355230497555848, 0.0, 0.005716296067690418, 0.007347712452938816, 0.0, 0.0, 0.01323104203111444, 0.0, 0.0, 0.06982059965110654, 0.0007374242260643785, 0.012270457220470692, 0.03314427315093516, 0.0, 0.0, 0.027788567037394105, 0.0, 0.006269260771098466, 0.0, 0.11302095869044576, 0.0, 0.03842119914697558, 0.04516131829409629, 0.019634529107820407, 0.0, 0.1837212940827069, 0.014558477333186924, 0.027584079838206925, 0.17222949740150909, 0.0, 0.05435889589245074, 0.1131077229211657, 0.03137091569288741, 0.005580373419089018, 0.0, 0.0, 0.055343998750576086, 0.0], [0.005853877479835387, 0.00890473664382144, 0.0034996012890780243, 0.9999999999999998, 0.01870665511134685, 0.009582020240689736, 0.012906842427598788, 0.00022637373148219858, 0.05508424550939599, 0.0, 0.010099771487565638, 0.02618308080144313, 0.0012852978650221758, 0.0, 0.0017272857447514641, 0.005920663229571254, 0.0, 0.001458897146027207, 0.008365060286046867, 0.002569710176219, 0.006439784330911145, 0.006458577620385257, 0.000713044860340143, 0.0028249509272668116, 0.014625315777065799, 0.004756347524978537, 0.0003665608813459745, 0.0021290336101076196, 0.0, 0.0018369690857354857, 0.006234055310492953, 0.001604764570927621, 0.010996808976759967, 0.0037909171437467545, 0.002441667140920497, 0.007674952315273828, 0.0, 0.032576720789830683, 0.0033433282757739523, 0.0014515453409370469, 0.007221054178924452, 0.00987837081813159, 0.023646675768132754, 0.013612941365876033, 0.001096401978818827, 0.011990856354742108, 0.008844450929949819, 0.0011260326823596648, 0.0183281635437636, 0.030140431507145148], [0.005603633961859012, 0.02296973916273268, 0.052762486759915184, 0.01870665511134685, 1.0, 0.011028724849712767, 0.00397128098519266, 0.014139455191022407, 0.03382848879329345, 0.0, 0.03555337515482559, 0.01948979359564887, 0.01035547546658358, 0.011233181782040238, 0.017691884551868292, 0.03882281841395574, 0.001278419821492399, 0.001047398791121496, 0.0018841100901615174, 0.009378213747822, 0.01553966263982558, 0.005796078916852674, 0.0006825633794855919, 0.0008112566932505678, 0.06044394398953664, 0.013049285080267566, 0.0021053460830448086, 0.018131358949897557, 0.0, 0.015210520835741282, 0.0, 0.04885000110592913, 0.0239081294161269, 0.007711331210593897, 0.015641863411239444, 0.013920367982057827, 0.0005229888764913705, 0.031798585625557624, 0.02147641242361368, 0.011810700647597967, 0.08942873684369729, 0.011860867631624089, 0.05682411743268504, 0.03213256561222542, 0.007346728334963307, 0.02113914210327258, 0.01358299488431909, 0.006305695458471712, 0.036168280112557474, 0.00892561198325187], [0.00851247619673283, 0.005419167578191707, 0.007786141295943208, 0.009582020240689736, 0.011028724849712767, 0.9999999999999998, 0.005776834303185127, 0.0076310764943041415, 0.01588382087550642, 0.0, 0.010104095876719971, 0.004765139190652615, 0.005632574124324892, 0.010424012723516594, 0.00582269398459602, 0.026877585158611453, 0.0036016137000434794, 0.0009835907767002624, 0.006192652339662008, 0.006930010755054773, 0.01929650151317475, 0.019730799355877012, 0.0022434345694612263, 0.002539448545551016, 0.04407175076422625, 0.004466526630223453, 0.0, 0.005642598432454672, 0.0, 0.014449020598804539, 0.004560712986991579, 0.04392655396067188, 0.0072884039687282935, 0.011501290660483636, 0.006837961308943144, 0.01279999251797164, 0.0, 0.009521026474234296, 0.006010872645797194, 0.003832983863884437, 0.016633857900764087, 0.02859212615109142, 0.018833776289592936, 0.016923090838657277, 0.0009855946110697725, 0.010599355807842306, 0.0037333207639958007, 0.005617880390674312, 0.02061682154889789, 0.007607065864769847], [0.00833290987714033, 0.02227748949282794, 0.011946019014092474, 0.012906842427598788, 0.00397128098519266, 0.005776834303185127, 1.0, 0.0005441796777703202, 0.00647252064427137, 0.0, 0.02537529814061557, 0.013823959655184733, 0.0013045513025929025, 0.010015150777298192, 0.017383965961438767, 0.007211223924239057, 0.0009131899236057718, 0.0024549293839832695, 0.0, 0.0012354649512573267, 0.022704870764384762, 0.002328865632048101, 0.00243781420582523, 0.019497422257579854, 0.05515186894442833, 0.009473704233667174, 0.006564757352191221, 0.01207137970266342, 0.004533776755664051, 0.006535515552685557, 0.01147867034078559, 0.008795539111193667, 0.028675495619996296, 0.0016403370219749051, 0.026999802029307945, 0.001812613234736745, 0.002364041609182865, 0.011110154666770943, 0.005470816910872229, 0.005582990363612909, 0.005930885006375833, 0.00384858846924084, 0.017318345641488143, 0.029818876355597275, 0.003689896085943189, 0.0, 0.00088742276046325, 0.015483292349752698, 0.03534149308971858, 0.0023105095340677307], [0.008062519176636126, 0.006326039385565958, 0.006145481062121755, 0.00022637373148219858, 0.014139455191022407, 0.0076310764943041415, 0.0005441796777703202, 0.9999999999999998, 0.03118350661161598, 0.0, 0.00468593567853373, 0.0019342546776252953, 0.004120011174084841, 0.006688988562108947, 0.0, 0.007228384347462425, 0.004824464714045291, 0.004025841168789363, 0.013372774981042307, 0.0, 0.0, 0.004860684302791901, 0.0010732660234359882, 0.0, 0.010336932931177474, 0.013807016211134978, 0.04400148513477352, 0.016207143170509287, 0.027599417293823206, 0.043133725802545125, 0.002196119689204042, 0.006280224992855273, 0.00037406229431191754, 0.005325637429081188, 0.0077272725616586, 0.006688139104932034, 0.0, 0.0008051570503660601, 0.0, 0.0, 0.06023258885440807, 0.005383530194909677, 0.012171588195519929, 0.010394939819931516, 0.0037895554245139626, 0.0195859473975426, 0.01435440676496288, 0.01135576314952568, 0.0, 0.0007862563749137391], [0.01940758607919058, 0.03558341587967761, 0.006961417982653573, 0.05508424550939599, 0.03382848879329345, 0.01588382087550642, 0.00647252064427137, 0.03118350661161598, 1.0000000000000002, 0.0, 0.016850094654654767, 0.03291163888748865, 0.039416078250420206, 0.0018416531139082992, 0.022448025570944614, 0.030228665319902127, 0.007556557027525617, 0.005804085659067401, 0.0645200260760165, 0.004472716177960723, 0.013343791056024042, 0.019672616598607442, 0.01717829218077375, 0.028846260229423482, 0.017708614928603702, 0.01807792052021703, 0.0007291640676619711, 0.005111303942031587, 0.016569813053924336, 0.01364199099571626, 0.002374621773305915, 0.011172709708091939, 0.016066301400296037, 0.01797248883101514, 0.02241679393879176, 0.005222934560799133, 0.02227918632962559, 0.0, 0.003150264888471089, 0.0014437092977666467, 0.014364143873122133, 0.0027103567667700655, 0.03875154790830517, 0.025493799435584684, 0.004725426968877306, 0.03485078675178676, 0.03671668140229998, 0.0066077279592021984, 0.039187950001381484, 0.008624439655077929], [0.0, 0.0, 0.0, 0.0, 0.0, 0.0, 0.0, 0.0, 0.0, 1.0000000000000002, 0.0, 0.0, 0.0, 0.0, 0.0, 0.0, 0.0, 0.0, 0.0, 0.0, 0.0, 0.0, 0.0, 0.0, 0.0, 0.0, 0.0, 0.0, 0.0, 0.0, 0.0, 0.0, 0.0, 0.0, 0.0, 0.0, 0.0, 0.0, 0.0, 0.0, 0.0, 0.0, 0.0, 0.016613100362087237, 0.00385791616418584, 0.0, 0.0, 0.0, 0.0, 0.0], [0.029727443733350168, 0.03899757380394559, 0.03200914003678637, 0.010099771487565638, 0.03555337515482559, 0.010104095876719971, 0.02537529814061557, 0.00468593567853373, 0.016850094654654767, 0.0, 1.0000000000000002, 0.028765896871602716, 0.009281045096000843, 0.0017827502980802287, 0.022062658335693614, 0.032302033179796956, 0.0, 0.01018344013384744, 0.021318885690881015, 0.0015463079725316776, 0.07629645890948837, 0.04449940670724196, 0.008848388180278553, 0.008219949245154977, 0.059752910858878655, 0.008177440360027837, 0.02302811901912326, 0.04368223269847946, 0.0, 0.027472510178744077, 0.0019155605554498356, 0.020703699683208926, 0.014116832152699165, 0.01897926847970382, 0.05533454792608334, 0.015297296019849, 0.0034190977065077072, 0.00834328196189016, 0.016264041985728426, 0.0029115295490698954, 0.04345226847092683, 0.034435663821819465, 0.08634867980448434, 0.04999616575921041, 0.007975685994391645, 0.06798535878977766, 0.012587914694483237, 0.005420668307819593, 0.0228362371402035, 0.022933499406822367], [0.0022884312189322856, 0.21961896356938096, 0.012459337557449377, 0.02618308080144313, 0.01948979359564887, 0.004765139190652615, 0.013823959655184733, 0.0019342546776252953, 0.03291163888748865, 0.0, 0.028765896871602716, 0.9999999999999998, 0.0067622200963835255, 0.003427981049517633, 0.08125553690252622, 0.005621024465191069, 0.00498715923047837, 0.021381923035005142, 0.025285012918525692, 0.0055654738025635005, 0.031333601040805716, 0.007473028331388736, 0.002312941141092938, 0.0010727932097756444, 0.04056876671876118, 0.023707076390351432, 0.0, 0.015682386547727405, 0.0, 0.0031392034963352955, 0.004816697243927158, 0.026509753691216182, 0.013625439235114348, 0.0040489455036210225, 0.0472089337628754, 0.007478281567992825, 0.0, 0.017139926955527695, 0.014200036566772522, 0.019551568206166436, 0.029136316773815462, 0.012612380099912635, 0.04170105709720049, 0.026100184096836114, 0.015873941337621045, 0.07466014057607419, 0.008323826214419055, 0.0016837463628471953, 0.03866281662922241, 0.0432945283519239], [0.0013442489193222363, 0.005437554832661588, 0.3355230497555848, 0.0012852978650221758, 0.01035547546658358, 0.005632574124324892, 0.0013045513025929025, 0.004120011174084841, 0.039416078250420206, 0.0, 0.009281045096000843, 0.0067622200963835255, 0.9999999999999999, 0.003311400055479631, 0.0014579325782702972, 0.0021863599738460963, 0.0012024010332741368, 0.0023858307826329275, 0.004309049777461096, 0.0, 0.008436447537935156, 0.023573159283692205, 0.0003761578443292219, 0.00047688554153728455, 0.017148318060062975, 0.003279819187545575, 0.02271184451210246, 0.005948795018819321, 0.0019898810074905873, 0.0034886517403915017, 0.0007557006884108014, 0.028851220032670013, 0.002556473448720251, 0.005159614653090645, 0.011354839323504331, 0.0024292947152293855, 0.0001729301989837927, 0.0008127104234554931, 0.01993944043947491, 0.0013400528414607032, 0.01618984916719025, 0.0006469088564477508, 0.09733992976970238, 0.00037833379562514266, 0.0041644300944166926, 0.0020242001271715895, 0.002726437701455448, 0.0035285047785876206, 0.007569578388352238, 0.004662590562639271], [0.005746920776984738, 0.0012936135466865741, 0.0, 0.0, 0.011233181782040238, 0.010424012723516594, 0.010015150777298192, 0.006688988562108947, 0.0018416531139082992, 0.0, 0.0017827502980802287, 0.003427981049517633, 0.003311400055479631, 1.0000000000000002, 0.004962084504228266, 0.01457885902639703, 0.0017538775574606337, 0.0, 0.0007067895591555096, 0.0, 0.007047611937335293, 0.007454720098572204, 0.0029588139927912006, 0.016076255918308142, 0.03183751580884774, 0.004391956442958922, 0.029447593810486623, 0.0033142031973902903, 0.01315814568929688, 0.003869931171511554, 0.0, 0.005005262364661192, 0.0015808367788804328, 0.0017113502582429888, 0.0035457071671517134, 0.0008841434625456902, 0.0, 0.0, 0.0017813030543952068, 0.0, 0.0, 0.0153773655779928, 0.028158060762940806, 0.007957614412418025, 0.0028497324262491703, 0.001968394391227927, 0.0007575062236101482, 0.008918878178704275, 0.002252512963685323, 0.000514501708643963], [0.0007030737229804179, 0.2032133084138968, 0.005716296067690418, 0.0017272857447514641, 0.017691884551868292, 0.00582269398459602, 0.017383965961438767, 0.0, 0.022448025570944614, 0.0, 0.022062658335693614, 0.08125553690252622, 0.0014579325782702972, 0.004962084504228266, 1.0, 0.003022153556012103, 0.0072108750898769855, 0.0018617049419821976, 0.013144519643440149, 0.004262983714666565, 0.018992333399356177, 0.034615638812179154, 0.004488936804234749, 0.0015381043479963552, 0.008439115522456221, 0.021850544146818085, 0.0009355398441864167, 0.009443461816137623, 0.000641798579120342, 0.0005625994020749417, 0.00020311416706015058, 0.007208421412526898, 0.006850043574051104, 0.00851418607039148, 0.005944029608708327, 0.006185709322487095, 0.0, 0.0, 0.026526750693791238, 0.0, 0.013515066972899595, 0.009302234366410778, 0.03377168389708604, 0.002033740472850619, 0.02182632340574671, 0.008976929001294163, 0.0, 0.025807355542937498, 0.02391395511449476, 0.0020797657572500794], [0.017371683099046024, 0.030471037967276363, 0.007347712452938816, 0.005920663229571254, 0.03882281841395575, 0.026877585158611453, 0.007211223924239057, 0.007228384347462425, 0.030228665319902127, 0.0, 0.032302033179796956, 0.005621024465191069, 0.0021863599738460963, 0.01457885902639703, 0.003022153556012103, 0.9999999999999999, 0.005608037969931281, 0.0, 0.021666970352064774, 0.0, 0.038027470535657616, 0.03531337638679902, 0.0039506771698121215, 0.013290340350167644, 0.024031645293999395, 0.005201228513406579, 0.0, 0.05780286592145179, 0.0, 0.01414187070962592, 0.0, 0.0, 0.004565570395176504, 0.0033163979270175673, 0.032204867772162915, 0.013899692102988977, 0.019118272859898353, 0.0, 0.005747044116702638, 0.009523886523600871, 0.03632375943876122, 0.01102583257850194, 0.061309977818514, 0.023237020805012755, 0.0, 0.015734893292363925, 0.006997271389154114, 0.01615538032503352, 0.025551473593085513, 0.013526570680130301], [0.004469647292628476, 0.0, 0.0, 0.0, 0.001278419821492399, 0.0036016137000434794, 0.0009131899236057718, 0.004824464714045291, 0.007556557027525617, 0.0, 0.0, 0.00498715923047837, 0.0012024010332741368, 0.0017538775574606337, 0.0072108750898769855, 0.005608037969931281, 0.9999999999999998, 0.006141617189312704, 0.0, 0.0, 0.002823957513178482, 0.0015931117674613106, 0.0012507303270548808, 0.0, 0.004283072904471718, 0.015821836617310552, 0.0, 0.006953846601642793, 0.01095838503398649, 0.004124379732150979, 0.007503248652255711, 0.012160233132819862, 0.0, 0.0, 0.007906807667956088, 0.019272489407976698, 0.0, 0.0, 0.003889043422308187, 0.0, 0.009499673818466552, 0.004929332368806217, 0.011605219901366651, 0.01174101037105404, 0.004230963884620928, 0.014722957792804754, 0.0016188294970184618, 0.002607184429071788, 0.007323754379477207, 0.0006597098607981027], [0.0019794297710914116, 0.004076904482172053, 0.0, 0.001458897146027207, 0.001047398791121496, 0.0009835907767002624, 0.0024549293839832695, 0.004025841168789363, 0.005804085659067401, 0.0, 0.01018344013384744, 0.021381923035005142, 0.0023858307826329275, 0.0, 0.0018617049419821976, 0.0, 0.006141617189312704, 0.9999999999999999, 0.021037422220157514, 0.0010386328989859515, 0.004627290090087505, 0.0, 0.0007685347629272877, 0.0016915508810830687, 0.0, 0.006408114378254951, 0.0, 0.0, 0.0, 0.0, 0.09624890959788365, 0.0031133682742914026, 0.0, 0.001702470963138632, 0.014777896796128225, 0.0026848450190776196, 0.0, 0.0, 0.0020230229367532446, 0.001955632661637703, 0.01021519304686409, 0.015878888587466278, 0.03605139691739613, 0.003864902438052944, 0.0, 0.0040925991876660395, 0.005719641254067959, 0.0, 0.010986449075258892, 0.0037722035370981255], [0.0051741293251412, 0.08359302969246224, 0.01323104203111444, 0.008365060286046867, 0.0018841100901615174, 0.006192652339662008, 0.0, 0.013372774981042307, 0.0645200260760165, 0.0, 0.021318885690881015, 0.025285012918525692, 0.004309049777461096, 0.0007067895591555096, 0.013144519643440149, 0.021666970352064774, 0.0, 0.021037422220157514, 1.0, 0.005955338824774892, 0.02080946632443402, 0.05238744993115755, 0.004838667371119102, 0.0, 0.0036061530600879476, 0.0033346591505929446, 0.0, 0.003042506487051582, 0.0014855185727428036, 0.0006677962709604314, 0.010077695253114527, 0.021935185655178588, 0.00040654447354517904, 0.0008268708554016192, 0.005803689561038395, 0.0004405401360435658, 0.0, 0.0, 0.0005117496441045384, 0.0, 0.02373510938584437, 0.02030828815201004, 0.03910654472771017, 0.004248669241376951, 0.0005314356556963709, 0.0, 0.055581665777643285, 0.03536770506009681, 0.052162760137534646, 0.0023547102786571116], [0.003486579461571986, 0.003141724244700671, 0.0, 0.002569710176219, 0.009378213747822, 0.006930010755054773, 0.0012354649512573267, 0.0, 0.004472716177960723, 0.0, 0.0015463079725316776, 0.0055654738025635005, 0.0, 0.0, 0.004262983714666565, 0.0, 0.0, 0.0010386328989859515, 0.005955338824774892, 0.9999999999999998, 0.0, 0.0, 0.0003384254343169916, 0.0, 0.01931539219596532, 0.00524052799671432, 0.0, 0.0, 0.0, 0.0, 0.000566580265759477, 0.0036559370245532966, 0.0, 0.0, 0.0026743023268151955, 0.0, 0.007087695650983994, 0.0, 0.0018930375100625683, 0.0011482210301211862, 0.0025704431789501407, 0.002425072501780502, 0.004303191252247164, 0.0, 0.0, 0.0, 0.025040517111038496, 0.0, 0.0036284244831041325, 0.005950192761630206], [0.008555460031916779, 0.04024116677583418, 0.0, 0.006439784330911145, 0.01553966263982558, 0.01929650151317475, 0.022704870764384762, 0.0, 0.013343791056024042, 0.0, 0.07629645890948837, 0.031333601040805716, 0.008436447537935156, 0.007047611937335293, 0.018992333399356177, 0.038027470535657616, 0.002823957513178482, 0.004627290090087505, 0.02080946632443402, 0.0, 1.0000000000000002, 0.06449618283257826, 0.013946633218331405, 0.06949056988007576, 0.04275779775663275, 0.02613119906614391, 0.010173168108521648, 0.02072414290428606, 0.0009969988188064465, 0.03311364803263151, 0.015776334759059533, 0.027231223946568447, 0.009951460990266706, 0.008116150978206563, 0.04318999611637344, 0.01921831892009619, 0.0010830497117276785, 0.0, 0.011720516947413677, 0.01745672654353551, 0.014314713914682536, 0.0016206179247049463, 0.07228160440548212, 0.029065597244114113, 0.002897948189354442, 0.05102662948870831, 0.019270908075099964, 0.007857343302130762, 0.040413154324523595, 0.012426160761517953], [0.01591714945486501, 0.05033858362147882, 0.06982059965110654, 0.006458577620385257, 0.005796078916852674, 0.019730799355877012, 0.002328865632048101, 0.004860684302791901, 0.019672616598607442, 0.0, 0.04449940670724196, 0.007473028331388736, 0.023573159283692205, 0.007454720098572204, 0.034615638812179154, 0.03531337638679902, 0.0015931117674613106, 0.0, 0.05238744993115755, 0.0, 0.06449618283257826, 1.0000000000000002, 0.00489084138738297, 0.0022465626231547233, 0.02457657198695195, 0.012310075317935185, 0.0, 0.01970452262688549, 0.0019685696050336307, 0.028925086008328577, 0.0, 0.12261097385779218, 0.008004165324929369, 0.014357767028969355, 0.030078507373264084, 0.0, 0.0, 0.03101167488674836, 0.005982313393405911, 0.0017315278704249618, 0.05006825431656761, 0.036875068929245004, 0.0561232603061296, 0.0042775072354065136, 0.006757392326321022, 0.0038143260396022653, 0.0400457253614875, 0.00967124471154761, 0.01946661603842644, 0.006262368138130308], [0.001693052111259447, 0.0026014655120032764, 0.0007374242260643785, 0.000713044860340143, 0.0006825633794855919, 0.0022434345694612263, 0.00243781420582523, 0.0010732660234359882, 0.01717829218077375, 0.0, 0.008848388180278553, 0.002312941141092938, 0.0003761578443292219, 0.0029588139927912006, 0.004488936804234749, 0.0039506771698121215, 0.0012507303270548808, 0.0007685347629272877, 0.004838667371119102, 0.0003384254343169916, 0.013946633218331405, 0.00489084138738297, 1.0, 0.0, 0.0021438590636788475, 0.0, 0.00028965179020069766, 0.006858256741894242, 0.0, 0.0029676129814509844, 0.004495186237142688, 0.0006763011977536457, 0.01710633844742594, 0.005059125720121129, 0.012664612841693458, 0.004161319726475246, 0.0024943492216121174, 0.0, 0.0006591765162382102, 0.0022939856812656855, 0.0050719875869680246, 0.002512199961006242, 0.014974061564715525, 0.013106357539746321, 0.0005134003142391185, 0.0009358048020478786, 0.0033492094229641924, 0.008106855643349668, 0.0018587401820961064, 0.0005503544596815466], [0.004152297266289437, 0.006929491264941481, 0.012270457220470692, 0.0028249509272668116, 0.0008112566932505678, 0.002539448545551016, 0.019497422257579854, 0.0, 0.028846260229423482, 0.0, 0.008219949245154977, 0.0010727932097756444, 0.00047688554153728455, 0.016076255918308142, 0.0015381043479963552, 0.013290340350167644, 0.0, 0.0016915508810830687, 0.0, 0.0, 0.06949056988007576, 0.0022465626231547233, 0.0, 1.0, 0.011041641392764345, 0.0023635085884246058, 0.0, 0.012502808359958035, 0.0, 0.007156513848906598, 0.004761394174223494, 0.0021435035038827096, 0.0008298627766300009, 0.008579944857703067, 0.0031359273255919767, 0.005020850166945874, 0.0, 0.0, 0.001305767290638168, 0.007674601599082315, 0.014065989089437245, 0.0015166275552560987, 0.023866155189545803, 0.0051001015976388465, 0.000610198926226193, 0.006006124607756376, 0.0021401522453232146, 0.016544610644053, 0.006545762132093215, 0.0017443214896310025], [0.053189501473307935, 0.028431728294782455, 0.03314427315093516, 0.014625315777065799, 0.06044394398953664, 0.04407175076422625, 0.05515186894442833, 0.010336932931177474, 0.017708614928603702, 0.0, 0.059752910858878655, 0.04056876671876118, 0.017148318060062975, 0.03183751580884774, 0.008439115522456221, 0.024031645293999395, 0.004283072904471718, 0.0, 0.0036061530600879476, 0.01931539219596532, 0.04275779775663275, 0.02457657198695195, 0.0021438590636788475, 0.011041641392764345, 1.0, 0.025281342044027964, 0.0, 0.021024655180115943, 0.017720388602582595, 0.01712154372594035, 0.0010468428202298871, 0.058260987963525177, 0.009106414462568642, 0.0072661416385920875, 0.057176493300563125, 0.012752365797028903, 0.0010266578137350375, 0.0, 0.012565171256287783, 0.011592548762116925, 0.06818613354685817, 0.005760885341160627, 0.09559375636309068, 0.023359489768215114, 0.014422058268390596, 0.01682427502582422, 0.028615255094320863, 0.006347922935005969, 0.051938074906677546, 0.0103656601484772], [0.02221239367402925, 0.01946279759637216, 0.0, 0.004756347524978537, 0.013049285080267566, 0.004466526630223453, 0.009473704233667174, 0.013807016211134978, 0.01807792052021703, 0.0, 0.008177440360027837, 0.023707076390351432, 0.003279819187545575, 0.004391956442958922, 0.021850544146818085, 0.005201228513406579, 0.015821836617310552, 0.006408114378254951, 0.0033346591505929446, 0.00524052799671432, 0.02613119906614391, 0.012310075317935185, 0.0, 0.0023635085884246058, 0.025281342044027964, 1.0, 0.014145840989771398, 0.0033168402592972995, 0.0, 0.013463321928732097, 0.0072410173149458626, 0.023925735877230674, 0.004771801536448092, 0.0038060265645408664, 0.004242805735472646, 0.006488877723334886, 0.0, 0.0, 0.008303301371842845, 0.01202297869393652, 0.016765243582767975, 0.005129867039251083, 0.04336101420362567, 0.00970037735201863, 0.003577508666199637, 0.0, 0.02223786282610176, 0.0, 0.01992644823222894, 0.025409431980799747], [0.000279758999412088, 0.0022407842307298146, 0.0, 0.0003665608813459745, 0.0021053460830448086, 0.0, 0.006564757352191221, 0.04400148513477352, 0.0007291640676619711, 0.0, 0.02302811901912326, 0.0, 0.02271184451210246, 0.029447593810486623, 0.0009355398441864167, 0.0, 0.0, 0.0, 0.0, 0.0, 0.010173168108521648, 0.0, 0.00028965179020069766, 0.0, 0.0, 0.014145840989771398, 1.0000000000000002, 0.0, 0.0, 0.006367660808748081, 0.0, 0.0, 0.01847412419805306, 0.013551467494838515, 0.0006866651066547994, 0.008532666897350211, 0.0, 0.0, 0.0007624537542267163, 0.0, 0.0014666617673002702, 0.0011069721051746057, 0.015926565391806233, 0.0, 0.05740433016917264, 0.0, 0.007310519788411668, 0.04377461113505052, 0.016642286334623353, 0.0], [0.007844233362177752, 0.00974504818861513, 0.027788567037394105, 0.0021290336101076196, 0.018131358949897557, 0.005642598432454672, 0.01207137970266342, 0.016207143170509287, 0.005111303942031587, 0.0, 0.04368223269847946, 0.015682386547727405, 0.005948795018819321, 0.0033142031973902903, 0.009443461816137623, 0.05780286592145179, 0.006953846601642793, 0.0, 0.003042506487051582, 0.0, 0.02072414290428606, 0.01970452262688549, 0.006858256741894242, 0.012502808359958035, 0.021024655180115943, 0.0033168402592972995, 0.0, 1.0, 0.0, 0.09604735051176412, 0.0, 0.011907043295048617, 0.012131162582026164, 0.022946422971100267, 0.05036491161363534, 0.004907684222726281, 0.0, 0.01316041627347478, 0.017484668285757766, 0.017714122022265414, 0.055223791900726966, 0.026272017882076733, 0.006379557090917302, 0.08384701315482228, 0.011893407906125262, 0.02610128809582932, 0.019021483582853747, 0.01216597270033593, 0.0058688488694117035, 0.02638293621418005], [0.02039151379005498, 0.0008784123912653548, 0.0, 0.0, 0.0, 0.0, 0.004533776755664051, 0.027599417293823206, 0.016569813053924336, 0.0, 0.0, 0.0, 0.0019898810074905873, 0.01315814568929688, 0.000641798579120342, 0.0, 0.01095838503398649, 0.0, 0.0014855185727428036, 0.0, 0.0009969988188064465, 0.0019685696050336307, 0.0, 0.0, 0.017720388602582595, 0.0, 0.0, 0.0, 1.0, 0.0, 0.0, 0.0, 0.00692546967440545, 0.0, 0.0, 0.0, 0.0, 0.0, 0.0, 0.0, 0.0, 0.0, 0.0017071772621189126, 0.0, 0.0, 0.0, 0.0, 0.0, 0.0, 0.0], [0.010966548087256974, 0.014116934616680508, 0.006269260771098466, 0.0018369690857354857, 0.015210520835741282, 0.014449020598804539, 0.006535515552685557, 0.043133725802545125, 0.01364199099571626, 0.0, 0.027472510178744074, 0.0031392034963352955, 0.0034886517403915017, 0.003869931171511554, 0.0005625994020749417, 0.01414187070962592, 0.004124379732150979, 0.0, 0.0006677962709604314, 0.0, 0.03311364803263151, 0.028925086008328577, 0.0029676129814509844, 0.007156513848906598, 0.01712154372594035, 0.013463321928732097, 0.006367660808748081, 0.09604735051176412, 0.0, 1.0000000000000004, 0.0, 0.01271885483331984, 0.017875290620530893, 0.041226962354915984, 0.07453226344627414, 0.011183457408005353, 0.0, 0.0, 0.002674651969059531, 0.0026922602797215312, 0.16676270495041, 0.08838916895405872, 0.03126039580577253, 0.0008651535250349004, 0.0, 0.039634380688416494, 0.11564760216270316, 0.0009780359205956298, 0.011811747281272584, 0.004593804343816491], [0.002058350472589416, 0.003521293785767571, 0.0, 0.006234055310492953, 0.0, 0.004560712986991579, 0.01147867034078559, 0.002196119689204042, 0.002374621773305915, 0.0, 0.0019155605554498356, 0.004816697243927158, 0.0007557006884108014, 0.0, 0.00020311416706015058, 0.0, 0.007503248652255711, 0.09624890959788365, 0.010077695253114527, 0.000566580265759477, 0.015776334759059533, 0.0, 0.004495186237142688, 0.004761394174223494, 0.0010468428202298871, 0.0072410173149458626, 0.0, 0.0, 0.0, 0.0, 1.0000000000000002, 0.0, 0.0002191748393000783, 0.0022660469758954355, 0.0016564578795411852, 0.009500098494080553, 0.0, 0.0, 0.0006897317102259164, 0.0010668089507278261, 0.001769030796469227, 0.0, 0.004034101733973122, 0.003865265577932422, 0.0, 0.0056400924009983025, 0.002939222237472255, 0.00033102975442100277, 0.003918612227563703, 0.002242035806794941], [0.005878824765015064, 0.018162357198340185, 0.11302095869044576, 0.001604764570927621, 0.04885000110592913, 0.04392655396067188, 0.008795539111193667, 0.006280224992855273, 0.011172709708091939, 0.0, 0.020703699683208926, 0.026509753691216182, 0.028851220032670013, 0.005005262364661192, 0.007208421412526898, 0.0, 0.012160233132819862, 0.0031133682742914026, 0.021935185655178588, 0.0036559370245532966, 0.027231223946568447, 0.12261097385779218, 0.0006763011977536457, 0.0021435035038827096, 0.058260987963525177, 0.023925735877230674, 0.0, 0.011907043295048617, 0.0, 0.01271885483331984, 0.0, 1.0, 0.013258647840923855, 0.005932688409069088, 0.06626883701380219, 0.0, 0.0, 0.13561643835616458, 0.023866281600797647, 0.00550698508478784, 0.10787094027962706, 0.0029077237192356715, 0.0610092089219919, 0.030231705828261683, 0.01629182425895964, 0.006634226535731683, 0.045080094135144945, 0.0, 0.007808721497289393, 0.003121314318958397], [0.009736229941527091, 0.0007812891447969699, 0.0, 0.010996808976759967, 0.0239081294161269, 0.0072884039687282935, 0.028675495619996296, 0.00037406229431191754, 0.01606630140029604, 0.0, 0.014116832152699165, 0.013625439235114348, 0.002556473448720251, 0.0015808367788804328, 0.006850043574051104, 0.004565570395176504, 0.0, 0.0, 0.00040654447354517904, 0.0, 0.009951460990266706, 0.008004165324929369, 0.01710633844742594, 0.0008298627766300009, 0.009106414462568642, 0.004771801536448092, 0.01847412419805306, 0.012131162582026164, 0.00692546967440545, 0.017875290620530893, 0.0002191748393000783, 0.013258647840923855, 1.0, 0.0333392019603897, 0.0015517830874338262, 0.003337413303897238, 0.0006018565152101545, 0.00265172956818477, 0.0011630632018034316, 0.0005996371321150662, 0.0054688995998944355, 0.0036586308086632656, 0.013497067880903508, 0.016898055698447857, 0.016104053023772835, 0.0029353800015520133, 0.001779176262566801, 0.005830093210951532, 0.012956426493754355, 0.00707791606949805], [0.01298736654817018, 0.0031781281779125086, 0.03842119914697558, 0.0037909171437467545, 0.007711331210593897, 0.011501290660483636, 0.0016403370219749051, 0.005325637429081188, 0.01797248883101514, 0.0, 0.01897926847970382, 0.0040489455036210225, 0.005159614653090645, 0.0017113502582429888, 0.00851418607039148, 0.0033163979270175673, 0.0, 0.001702470963138632, 0.0008268708554016192, 0.0, 0.008116150978206563, 0.014357767028969355, 0.005059125720121129, 0.008579944857703067, 0.0072661416385920875, 0.0038060265645408664, 0.013551467494838515, 0.022946422971100267, 0.0, 0.041226962354915984, 0.0022660469758954355, 0.005932688409069088, 0.0333392019603897, 1.0, 0.006838372265603453, 0.004374466549003077, 0.0, 0.0, 0.004205430028574616, 0.0058947431823496346, 0.005055997989857123, 0.0045792551739257574, 0.013588585582171983, 0.0033476257393519953, 0.00061413816471977, 0.032911112001968744, 0.0057726351686383836, 0.0, 0.004941014523769088, 0.004388955602349498], [0.01146756058610505, 0.0261121152087355, 0.04516131829409629, 0.002441667140920497, 0.015641863411239444, 0.006837961308943144, 0.026999802029307945, 0.0077272725616586, 0.02241679393879176, 0.0, 0.05533454792608334, 0.0472089337628754, 0.011354839323504331, 0.0035457071671517134, 0.005944029608708327, 0.032204867772162915, 0.007906807667956088, 0.014777896796128225, 0.005803689561038395, 0.0026743023268151955, 0.04318999611637344, 0.030078507373264084, 0.012664612841693458, 0.0031359273255919767, 0.05717649330056312, 0.004242805735472646, 0.0006866651066547994, 0.05036491161363534, 0.0, 0.07453226344627414, 0.0016564578795411852, 0.06626883701380219, 0.0015517830874338262, 0.006838372265603453, 0.9999999999999998, 0.020739052138636086, 0.0, 0.014696717886125478, 0.003516033521336782, 0.011782883037015303, 0.08992908097260148, 0.027650837343811116, 0.026317754923251148, 0.08978431686059053, 0.008418248438644063, 0.017525932015514892, 0.029070013542815663, 0.01687484707239135, 0.013219307477763793, 0.012699097241329015], [0.0016442155940151295, 0.03461740581932736, 0.019634529107820407, 0.007674952315273828, 0.013920367982057827, 0.01279999251797164, 0.001812613234736745, 0.006688139104932034, 0.005222934560799133, 0.0, 0.015297296019849, 0.007478281567992825, 0.0024292947152293855, 0.0008841434625456902, 0.006185709322487095, 0.013899692102988977, 0.019272489407976698, 0.0026848450190776196, 0.0004405401360435658, 0.0, 0.01921831892009619, 0.0, 0.004161319726475246, 0.005020850166945874, 0.012752365797028903, 0.006488877723334886, 0.008532666897350211, 0.004907684222726281, 0.0, 0.011183457408005353, 0.009500098494080553, 0.0, 0.003337413303897238, 0.004374466549003077, 0.020739052138636086, 1.0, 0.0, 0.017240819355362022, 0.001400355255605562, 0.021948104149964433, 0.017239896868437937, 0.0009149005936602449, 0.01740459065062219, 0.017914744405351755, 0.004653517419192285, 0.011928147989074609, 0.015882658713285962, 0.011627093573082807, 0.01825181287683033, 0.027810741960190167], [0.0, 0.016031032055837013, 0.0, 0.0, 0.0005229888764913705, 0.0, 0.002364041609182865, 0.0, 0.02227918632962559, 0.0, 0.0034190977065077072, 0.0, 0.0001729301989837927, 0.0, 0.0, 0.019118272859898353, 0.0, 0.0, 0.0, 0.007087695650983994, 0.0010830497117276785, 0.0, 0.0024943492216121174, 0.0, 0.0010266578137350375, 0.0, 0.0, 0.0, 0.0, 0.0, 0.0, 0.0, 0.0006018565152101545, 0.0, 0.0, 0.0, 0.9999999999999998, 0.0, 0.0, 0.00039059587893722957, 0.0, 0.0, 0.0031650536157289103, 0.0, 0.0, 0.0, 0.01272756146080572, 0.0002727034020824672, 0.0, 0.0], [0.0, 0.0, 0.1837212940827069, 0.032576720789830683, 0.031798585625557624, 0.009521026474234296, 0.011110154666770943, 0.0008051570503660601, 0.0, 0.0, 0.00834328196189016, 0.017139926955527695, 0.0008127104234554931, 0.0, 0.0, 0.0, 0.0, 0.0, 0.0, 0.0, 0.0, 0.03101167488674836, 0.0, 0.0, 0.0, 0.0, 0.0, 0.01316041627347478, 0.0, 0.0, 0.0, 0.13561643835616458, 0.00265172956818477, 0.0, 0.014696717886125478, 0.017240819355362022, 0.0, 0.9999999999999998, 0.00667588296525808, 0.03252563065702817, 0.07747873091512891, 0.0, 0.0097614734275187, 0.09163985829191817, 0.020798073522076126, 0.003790986591846674, 0.0, 0.0, 0.041274670771386766, 0.0026754122733929106], [0.007520581072275071, 0.001639117275026149, 0.014558477333186924, 0.0033433282757739523, 0.02147641242361368, 0.006010872645797194, 0.005470816910872229, 0.0, 0.003150264888471089, 0.0, 0.016264041985728426, 0.014200036566772522, 0.01993944043947491, 0.0017813030543952068, 0.026526750693791238, 0.005747044116702638, 0.003889043422308187, 0.0020230229367532446, 0.0005117496441045384, 0.0018930375100625683, 0.011720516947413677, 0.005982313393405911, 0.0006591765162382102, 0.001305767290638168, 0.012565171256287783, 0.008303301371842845, 0.0007624537542267163, 0.017484668285757766, 0.0, 0.002674651969059531, 0.0006897317102259164, 0.023866281600797647, 0.0011630632018034316, 0.004205430028574616, 0.003516033521336782, 0.001400355255605562, 0.0, 0.00667588296525808, 1.0000000000000002, 0.007044899184684311, 0.010326203918665781, 0.002479834869538819, 0.007135726731679763, 0.010221090266134311, 0.0018370995845410183, 0.009699361061944372, 0.006558798433249298, 0.008080485997268414, 0.0038734534132051973, 0.004563418870961951], [0.0030772732053156344, 0.010140899450412397, 0.027584079838206925, 0.0014515453409370469, 0.011810700647597967, 0.003832983863884437, 0.005582990363612909, 0.0, 0.0014437092977666467, 0.0, 0.0029115295490698954, 0.019551568206166436, 0.0013400528414607032, 0.0, 0.0, 0.009523886523600871, 0.0, 0.001955632661637703, 0.0, 0.0011482210301211862, 0.01745672654353551, 0.0017315278704249618, 0.0022939856812656855, 0.007674601599082315, 0.011592548762116925, 0.01202297869393652, 0.0, 0.017714122022265414, 0.0, 0.0026922602797215312, 0.0010668089507278261, 0.00550698508478784, 0.0005996371321150662, 0.0058947431823496346, 0.011782883037015303, 0.021948104149964433, 0.00039059587893722957, 0.03252563065702817, 0.007044899184684311, 1.0, 0.0048398646341229895, 0.0, 0.011299619854289037, 0.019796823130577835, 0.006074812086918881, 0.0041434135603273525, 0.0034639763722697824, 0.0012075457397065913, 0.0037838371768741676, 0.012772064223761412], [0.03827155086418419, 0.01891810979544929, 0.17222949740150909, 0.007221054178924452, 0.08942873684369729, 0.016633857900764087, 0.005930885006375833, 0.06023258885440807, 0.014364143873122133, 0.0, 0.04345226847092683, 0.029136316773815462, 0.01618984916719025, 0.0, 0.013515066972899595, 0.03632375943876122, 0.009499673818466552, 0.01021519304686409, 0.02373510938584437, 0.0025704431789501407, 0.014314713914682536, 0.05006825431656761, 0.0050719875869680246, 0.014065989089437245, 0.06818613354685817, 0.016765243582767975, 0.0014666617673002702, 0.055223791900726966, 0.0, 0.16676270495041, 0.001769030796469227, 0.10787094027962706, 0.0054688995998944355, 0.005055997989857123, 0.08992908097260148, 0.017239896868437937, 0.0, 0.07747873091512891, 0.010326203918665781, 0.0048398646341229895, 0.9999999999999998, 0.049519519861049806, 0.07157304567658895, 0.06890334568201295, 0.009748575328492555, 0.03109627296067396, 0.0795971206640954, 0.012014441387441125, 0.05124199292623917, 0.006688172807097768], [0.009098992797445084, 0.01058993290117346, 0.0, 0.00987837081813159, 0.011860867631624089, 0.02859212615109142, 0.00384858846924084, 0.005383530194909677, 0.0027103567667700655, 0.0, 0.034435663821819465, 0.012612380099912635, 0.0006469088564477508, 0.0153773655779928, 0.009302234366410778, 0.01102583257850194, 0.004929332368806217, 0.015878888587466278, 0.02030828815201004, 0.002425072501780502, 0.0016206179247049463, 0.036875068929245004, 0.002512199961006242, 0.0015166275552560987, 0.005760885341160627, 0.005129867039251083, 0.0011069721051746057, 0.026272017882076733, 0.0, 0.08838916895405872, 0.0, 0.0029077237192356715, 0.0036586308086632656, 0.0045792551739257574, 0.027650837343811116, 0.0009149005936602449, 0.0, 0.0, 0.002479834869538819, 0.0, 0.049519519861049806, 0.9999999999999999, 0.017760066435870785, 0.04080873076234407, 0.0, 0.0054316530393734574, 0.02508345482075663, 0.0041656007762745665, 0.00769557816933234, 0.012856472413973818], [0.042265807658064404, 0.023967166302976184, 0.05435889589245074, 0.023646675768132754, 0.05682411743268504, 0.018833776289592936, 0.017318345641488143, 0.012171588195519929, 0.03875154790830517, 0.0, 0.08634867980448434, 0.04170105709720049, 0.09733992976970238, 0.028158060762940806, 0.03377168389708604, 0.061309977818514, 0.011605219901366651, 0.03605139691739613, 0.03910654472771017, 0.004303191252247164, 0.07228160440548212, 0.0561232603061296, 0.014974061564715525, 0.023866155189545803, 0.09559375636309068, 0.04336101420362567, 0.015926565391806233, 0.006379557090917302, 0.0017071772621189126, 0.03126039580577253, 0.004034101733973122, 0.0610092089219919, 0.013497067880903508, 0.013588585582171986, 0.026317754923251148, 0.017404590650622193, 0.0031650536157289103, 0.0097614734275187, 0.007135726731679763, 0.011299619854289037, 0.07157304567658895, 0.017760066435870785, 1.0, 0.05063505041174127, 0.014688123035389555, 0.06888595209984776, 0.012697921738860512, 0.0, 0.04471391089369252, 0.009986247880451889], [0.03324603840182009, 0.008536145445428921, 0.1131077229211657, 0.013612941365876033, 0.03213256561222542, 0.016923090838657277, 0.029818876355597275, 0.010394939819931516, 0.025493799435584684, 0.016613100362087237, 0.04999616575921041, 0.026100184096836114, 0.00037833379562